2853
136
7786
7205
414
33
6944
1665
6387
1952
7668
3595
5680
4933
8563
7349
3848
609
4898
355
2833
8126
452
8460
5086
3735
8624
4563
6580
3643
7711
8137
8084
3929
7111
8843
3281
8309
8774
439
4125
6958
8556
6760
3670
5077
4925
1545
2546
554
4575
6459
464
6566
49
8322
596
5368
1308
7208
5131
4864
2800
2929
6812
338
2292
3329
7692
848
5129
4421
1423
5557
3229
2567
5042
2374
3006
3767
8469
6663
4653
6022
8865
7781
219
2743
1358
3883
4291
4739
8813
6263
4865
8316
262
747
5948
4734
1286
1234
3541
2877
78
1056
4855
146
5438
8208
3227
1313
8134
131
3732
7157
7836
6226
2299
8443
1119
3120
8295
6239
1416
6026
4398
1914
1760
1445
2988
3809
512
4839
8388
4028
5827
8277
4622
4098
2622
4349
3933
8499
6800
351
4971
8711
514
6644
5316
8752
5785
2565
8304
1966
1188
1675
5340
7577
697
5046
7564
6814
5940
4877
7745
1055
2412
4289
6720
8954
4188
3344
8980
2768
1496
6315
2734
7261
8560
8286
7372
6672
4787
5817
2652
6450
3066
2523
1626
4132
4507
2506
241
6656
6379
3137
2289
7024
8757
3373
5483
8116
7638
3620
212
5031
2713
8941
2788
8040
2215
2617
5801
5413
8468
8504
2635
70
7178
6476
765
8868
4613
5142
1339
6403
2614
4114
6593
7580
1913
526
1455
1112
7720
7912
6447
6866
8943
4588
6123
3580
6798
3446
8000
4244
4256
6960
6095
7675
4193
6029
5034
393
864
1558
1861
8093
5616
6069
3451
2585
545
6034
8806
8329
5220
400
1950
2194
5060
5319
2361
799
888
3654
8581
6301
2407
978
5765
1322
4512
5587
2091
5963
1686
5314
8770
801
1801
2752
1408
8425
2352
2533
7883
6558
6296
2030
3752
3335
210
2664
5964
2368
1662
174
2607
3365
3413
8982
1843
7118
2921
1329
2308
4815
7968
4585
5425
1148
1435
8837
8085
5505
3899
2959
2497
7411
7491
1560
54
6603
987
4163
2276
4859
1338
7817
4127
7660
2606
3800
5364
8935
4961
4814
4918
2065
4231
7098
7058
6748
6037
5248
3135
6445
1908
1376
8281
7966
7289
1318
3332
3128
6156
3832
7517
7176
4097
1549
6795
325
1382
7894
2530
1832
1122
3877
8046
5606
8658
5144
5111
420
3985
7898
7981
6682
4111
8434
3519
7384
2044
813
4881
8356
8577
1878
242
7513
4498
2221
8736
6192
8618
1703
2499
4625
7183
986
7477
5213
7546
2568
4211
3720
482
6006
6360
6452
4175
6732
4057
6690
3506
3530
5331
8303
2677
4004
1835
6664
3923
1818
8966
3685
3691
8760
6704
28
4936
4423
7613
6837
2814
3911
2649
1163
513
5410
823
2915
4396
4690
8703
3954
722
8784
5210
8936
6016
1095
5665
1526
2830
5361
4696
578
1231
8097
3210
1883
2516
1593
1727
8132
8926
4892
3662
8859
1598
4335
7280
5716
4020
2134
3177
3973
4581
5910
7428
1600
2682
2490
6238
6020
1232
7403
336
6942
7538
1664
3167
3476
1511
6539
6272
5540
2759
7126
3004
3307
6249
2153
2505
5811
3568
6905
3375
8635
1274
4352
3560
3333
5127
8007
6112
8203
222
168
4250
4038
3217
8482
7673
7695
6767
4238
648
5028
999
5820
1881
3640
1787
2214
6974
2329
5222
2868
6946
7110
6852
6953
1584
263
910
5744
6825
6764
7424
6673
7523
726
8528
4353
8979
7213
8167
3768
7034
5671
1282
4700
837
7841
8511
4456
718
2641
2807
3209
1741
4192
8927
612
358
1970
3782
1353
748
5351
1336
5962
539
8104
741
3613
7420
6110
1161
4878
6153
6180
732
8516
3122
7023
3189
8667
8462
3594
5873
3260
4226
7930
6849
6347
6777
3267
5020
2992
786
6540
2230
1556
6436
6703
5795
2056
73
8063
4903
5769
8194
2326
1350
8155
6048
7040
7162
1561
5993
2884
5070
3575
252
1732
623
608
5282
8901
4048
7861
243
505
3864
4709
4610
3192
7892
1755
6902
3672
4844
5119
8120
6987
4509
3728
955
8565
6124
504
3618
6861
230
63
6759
2869
4597
659
2846
8392
1969
3865
3753
4227
5849
766
7964
7006
7690
3286
5919
1357
1010
1508
4638
382
5386
6669
8911
3123
8175
6044
6386
7089
7305
32
1175
565
5116
5199
8874
3591
5695
3455
4130
6472
3587
2930
4583
6619
207
8291
3157
2691
266
600
2876
5292
1337
658
1065
6189
6623
7515
4418
6809
5465
7325
1630
220
6706
7415
2843
3901
1333
2489
2494
4030
8240
5177
2692
3758
4201
3533
6847
8051
2951
4296
2532
6727
2320
8681
2414
6976
2146
5757
620
8052
8048
3092
6085
4254
3389
1641
5729
5189
4177
2615
721
2347
3674
3590
3789
2047
3622
894
7921
399
3015
889
7081
1509
8331
3341
3282
4102
7103
2007
803
6843
6858
1348
8373
6171
1821
2820
7419
6826
8832
2249
8183
5946
8465
8798
5956
857
5491
159
1891
237
2131
3147
6400
5954
6994
7917
3330
2386
7652
3991
8786
7393
5283
2310
8461
8800
4879
218
5214
4002
4939
931
675
5796
4593
3117
1326
6329
5452
6063
757
5869
621
8319
6524
5836
5264
2157
1811
4091
2784
4618
4320
4089
2313
1548
8906
7589
8106
8593
1507
1890
4979
2686
6489
8008
1262
8221
5068
674
3142
4053
6564
111
4680
8889
3489
2504
4261
784
5492
7878
3125
1181
3268
8661
6287
1213
7249
3299
3305
2995
8751
4332
184
7539
2212
4503
4869
5567
8448
2818
2142
8457
7751
3304
7835
816
3873
2836
3487
3309
4746
4411
4424
3203
8957
1724
2943
2260
1425
1033
602
5712
812
7979
2724
7165
1107
8211
3943
1886
5544
4893
5611
1865
451
2675
5338
5853
142
3271
2979
2569
6119
7388
6480
958
6662
4589
4047
2443
7516
7104
6573
5160
8360
3159
6979
7756
6762
8807
5218
6304
6290
3180
4037
4633
2591
6157
7833
5442
6319
8652
2852
4605
2440
922
5506
211
6973
2248
8201
2281
4637
8069
5195
6471
6784
4245
5067
507
8517
6925
3064
3678
3621
104
4894
3660
1351
1906
4678
4832
2513
1476
4405
8248
4
1465
6747
8307
6529
1407
2605
1637
3134
4142
5738
6771
5546
7497
7784
7266
933
8884
3093
6988
5106
8292
3673
5288
7204
7597
4546
7903
8066
3222
1307
8428
4657
4490
663
1550
1497
4414
1794
7774
2825
6926
4482
4301
7688
8310
8301
4713
7780
2001
6736
4919
1622
1788
6411
2684
8904
449
1615
1392
8871
8599
4556
1613
3920
2283
4950
896
8555
5560
7189
8756
5978
4290
324
4611
7533
2190
486
3240
1599
4302
4955
3019
3648
1819
7377
8777
630
1764
4222
3567
5100
1796
2411
2460
3158
1200
6473
6195
5915
4527
4895
8858
1108
1669
3447
6390
6610
4445
4999
7543
7063
6350
8549
7706
5398
1513
3143
7091
6526
5377
6636
946
8946
2242
8215
6877
3880
8763
1980
5662
6380
3950
5651
8989
5371
2857
5029
1418
8994
5192
8381
7933
1748
4991
2809
8140
8970
6692
2383
1159
2563
8977
311
3616
3705
8512
511
6096
8412
1198
4837
8347
3907
5497
6615
5261
98
1533
3334
8947
6316
5975
2584
782
4567
2010
2793
911
175
7457
3308
1404
1776
6932
256
2939
8545
1066
1742
4233
6605
6012
1623
7344
2790
7244
3715
1284
6881
6753
5659
2079
2786
5388
4019
2089
6631
1457
5294
749
8692
7218
3504
2129
2479
1917
2293
1634
6686
4781
4207
3302
5871
8320
5270
7813
4268
2803
685
6214
8688
5360
6505
3434
6633
2613
4849
7536
1674
8848
7924
6678
93
202
3862
6454
5554
5429
6161
1592
756
2781
1184
6183
87
7175
3009
2106
3692
4488
5362
7674
6506
836
1959
1694
2501
5159
790
6557
7463
6341
4331
2689
947
7867
7315
6964
3162
5083
3703
1639
1927
8080
4117
7945
2848
7600
3301
6008
6637
5447
8263
5501
3671
4945
4920
7641
5227
4577
1762
3235
6416
3517
8405
4336
135
5352
2760
1964
2657
3407
937
4461
8495
1305
8345
8607
2774
8206
7346
2394
1324
4880
6311
4090
2640
3540
6842
5561
5053
1438
5223
7519
1888
6279
5596
4391
6773
356
1266
3802
1757
1272
5374
2180
5926
7907
4439
622
5162
3411
3793
1728
1632
4170
4959
2555
750
875
8
2558
8780
4810
4224
6544
434
7566
6170
1459
7707
4727
2474
8242
4544
3024
107
8402
1588
5945
4599
4949
7830
2789
4738
4616
316
2042
3443
1830
7088
2066
810
3904
4148
273
1512
6357
3730
7913
3677
3319
376
2960
6233
6294
4313
1204
7269
870
3148
5528
7083
7555
6340
7488
2245
2196
3959
4416
3652
4970
7535
7067
3112
7755
4453
2493
8395
8796
1602
4151
5953
4968
4156
3306
5830
633
5402
8508
592
3891
7240
1731
5499
7584
2612
1150
6993
566
8896
2654
7826
7610
4365
3462
6536
221
6916
8953
1090
5295
4410
1972
2192
5405
4735
276
7575
8341
39
7004
57
970
6098
6497
1167
5649
2328
6103
692
2486
1537
1300
6391
2097
650
5242
3713
5244
1750
5627
8687
2416
7896
4321
76
8176
8467
2195
4182
7702
8230
7951
6356
2130
5751
831
5724
1932
8060
4108
6223
5846
4617
3578
405
5434
8439
1070
4529
6137
665
494
4082
6479
2575
3962
8205
7691
467
1387
7698
7121
1229
4141
657
5109
8530
6257
2469
8149
7313
2402
7794
1410
2246
4501
1377
7594
1052
1711
2770
8458
2048
156
8158
755
2356
8456
5293
8102
95
8914
6475
5112
6875
2274
1208
1437
4782
4212
1060
4928
927
236
5044
8065
3406
5330
6883
893
8370
6091
6995
1684
3936
1237
3058
4550
2423
2912
8119
778
8250
5929
569
7501
6099
3990
4283
8075
7490
75
3645
6961
3694
2235
1128
8197
6908
2980
8558
5380
5121
2604
2349
8196
3060
7318
7701
4659
5552
8089
7574
6369
4133
8398
3460
7811
3874
5052
7765
7333
1841
5470
8105
1985
8622
461
7624
5451
8669
8547
1687
3370
4464
8922
7439
7285
4743
973
1898
1484
536
574
7404
6640
4683
5265
406
1252
3641
5635
8598
7359
1873
5920
761
3360
7679
2583
3822
6948
5781
716
3191
7904
5333
2077
2653
2515
3898
1501
1447
7703
6716
1342
3219
2976
5207
6392
2004
7188
3600
2241
4513
6903
8459
7725
6627
369
3769
6372
2468
120
8151
6262
1769
1383
8932
1422
8338
4836
463
529
4144
1577
43
7474
6261
8110
6322
8219
2420
8579
1910
4236
2690
6661
3830
8662
8271
1948
1393
7447
3780
2633
3792
4671
302
8875
1411
2838
2950
3340
7646
1285
709
542
3419
4265
4362
7276
4311
8737
5961
7194
8376
5842
8758
6571
322
770
6579
2072
4494
7639
2448
1895
5024
3014
170
6553
4085
2101
340
3675
484
6645
1520
5713
447
4842
8350
4172
2429
4255
1555
3295
398
1209
6576
1562
5416
8124
1852
6427
8974
8531
7046
118
6051
2638
6248
8153
8610
3454
2327
6383
2272
3614
4856
1441
8453
2933
2753
3518
8212
2466
6642
7537
6152
7864
867
1834
261
1378
2332
4648
7013
7579
1725
8332
7844
245
6331
5742
4612
8353
3233
5719
585
1624
6840
843
5176
3679
2336
6568
7222
7197
1035
1570
3646
4608
8246
143
7130
6952
8070
2600
4649
3834
4031
2433
2834
6911
2864
3926
5878
191
7087
5002
2730
7928
7865
4126
4858
7592
5130
8616
6321
8562
5000
4796
4232
5013
3401
5202
7943
5928
4406
4267
6120
2250
7254
4888
407
7293
8998
6396
6846
7210
4094
8633
5136
4957
2540
4041
5860
7712
1149
7416
7050
5995
415
3553
6680
1007
6575
6415
5957
3586
7847
3708
615
1283
908
2273
7997
5318
2026
7524
3801
3676
7307
5655
7598
1930
2054
8826
4213
1367
3096
8650
2771
7230
8445
6888
1500
7672
6998
3583
8017
7728
3043
3076
7462
291
2081
7583
963
3356
481
6283
2737
424
1942
568
5996
7069
5904
3363
4998
5193
8704
487
5166
2551
5385
4684
8305
868
1975
5194
5703
8749
7461
8001
3421
4476
804
8351
4777
2962
288
6245
1461
2309
6293
6036
1086
6164
5090
5937
8587
4165
4715
1389
2220
4922
1001
2709
7932
100
3539
5278
6434
4946
60
4934
6431
3102
2243
6065
6819
1983
7340
3453
6185
7803
3118
773
373
1287
8300
178
877
1702
6625
8318
909
7181
4380
7687
476
7648
3119
8779
4661
5676
6276
3081
640
7797
5802
470
5201
6731
1825
6535
5647
8247
841
4393
208
5701
4873
2559
957
4241
5983
6666
6983
624
929
3603
5748
5608
2629
5188
3216
1918
2107
281
5372
2699
8720
8366
2453
7161
1986
4515
8513
3139
833
5971
8172
906
1824
1856
5933
4948
530
5654
8479
4218
5443
5300
1848
7634
4065
8567
6149
6348
8393
8845
5898
2701
2475
2060
2619
5664
3602
8879
2623
5578
1075
6463
3986
5187
631
2105
5777
6292
4425
4621
4166
5710
3103
8444
627
6448
5630
8733
6698
7418
3160
714
1971
5600
8142
2986
2679
6323
8919
1979
4639
4050
6002
3889
5051
6151
4620
3312
3908
7684
7792
4481
8715
1812
7590
7137
6742
5548
6274
4162
3998
5942
8619
3861
5563
7148
8931
2424
8717
4364
7191
892
6583
7242
3114
8415
3548
8910
879
6512
2816
7062
3544
5579
4714
1131
3448
4538
8414
5994
4535
8776
3890
4140
5383
8981
2842
5549
3152
371
7923
7508
5672
5780
3798
4574
6371
3608
2096
4199
6229
4119
7571
3461
5180
8214
4514
7079
2932
2754
2095
825
8496
4426
2425
3508
5850
6127
3430
3100
6202
4786
904
8321
8298
3563
4383
5325
1488
4106
5968
3493
2376
4069
4534
6498
6203
5125
5448
4388
3538
2473
5170
839
8127
3234
2103
7022
4753
5001
1073
2231
1629
4310
2080
8437
7990
8024
3765
3875
8442
2165
7810
7807
3821
4413
7085
7916
7140
8257
1384
7184
503
5324
8855
7352
1714
5296
6046
7235
6280
826
6334
5004
3070
1663
2304
3774
2577
5677
7857
5516
8677
1998
7032
3131
151
5902
1147
6725
2904
4011
595
7109
5832
7106
8423
2598
6107
1315
8101
6856
8491
3689
898
472
6215
1021
5196
2828
1612
5488
8909
774
6929
4497
6700
3303
6869
5950
5391
1003
2756
2454
2319
1223
8586
2052
5892
2655
7153
5101
985
6804
6518
2574
6021
1428
5943
751
5092
8182
2226
5208
2445
7937
2094
6620
3441
4850
776
6560
6435
2253
7201
7647
3868
5238
814
3297
3316
4874
460
8754
2841
8568
8521
3992
2345
4689
759
7026
4752
1100
6519
7947
357
1186
7820
1152
5409
1293
5047
1713
4196
2385
3537
6419
8600
5066
3576
991
8179
7549
5698
1000
3275
5906
8732
2544
3888
6521
471
3857
2514
856
8314
8184
4474
1190
710
5041
7450
5900
3953
7471
3545
3412
5197
1648
3867
8226
1782
7653
4485
3666
4318
4789
8700
6538
7044
8951
5171
2317
590
2173
3882
1795
1784
3097
7730
5050
1633
6493
4708
3502
860
6449
1179
5632
849
2634
7611
2856
5620
475
6076
3917
2858
4449
2926
1088
468
7671
3650
8815
4744
1044
1295
1574
2199
1395
2205
3881
8027
4783
1916
6114
8962
4847
8640
1901
6811
2829
6092
8801
876
634
6468
4499
4417
6541
7239
4286
1451
8803
8755
1355
5819
4347
1690
3126
1900
4652
4982
8012
3472
5258
437
3762
6891
22
7823
123
69
4586
969
2148
6867
6909
5320
558
2100
8308
5558
6808
1124
2947
7472
2435
8222
1401
4822
5005
2886
7978
423
6437
5110
2826
4176
557
130
1672
1609
3760
4676
5016
1349
7193
2357
4088
6342
1929
3196
2166
1542
3020
8285
8050
129
6165
2141
3182
295
4428
1581
3819
4779
1850
5572
7532
4369
6260
5089
6513
253
7612
8016
8189
8228
4912
1753
5941
8788
6868
5960
8804
1327
3298
3279
548
1546
8699
4643
2202
6577
1791
3916
3746
4376
2958
2870
7123
3205
6520
8519
6243
3562
8892
8058
628
6289
3804
3005
5173
8243
1683
1747
1177
6534
7076
3202
4876
2799
1076
7392
5593
1344
187
6711
5699
5912
4433
1261
6624
7619
2086
5150
3425
4664
5423
3220
7558
7225
919
6730
8961
8515
1317
7554
3183
8108
5370
1053
8984
5530
890
1729
1924
2920
6799
5690
6887
459
5759
2377
5697
1334
8680
3968
3639
7949
564
6346
7680
3485
4243
6232
5055
7304
846
2973
4634
3522
4032
2707
3226
3930
8220
2685
2135
31
1958
4560
443
206
5087
5734
1018
8684
4666
1803
2547
8033
5233
979
74
2590
8156
265
1699
1643
3073
6267
6140
5521
1976
5302
3422
5531
8698
4568
8451
77
4247
8924
1945
8810
7206
7618
787
3633
2676
3269
99
3193
1920
4614
1804
7101
1877
3484
1047
5746
4555
4547
3245
5396
7219
517
1123
234
7738
4491
1939
2714
7116
4681
4484
8828
2219
6803
884
2463
3556
6159
3283
8551
7306
90
6855
5211
7078
3606
158
5297
6943
3164
6196
3546
2808
3085
3558
934
2824
4619
102
6797
1638
4493
5474
2934
523
6377
6844
8039
3817
5418
5495
1194
6955
2040
5335
7934
6691
7331
706
8996
8290
5685
6634
3702
8280
7202
8422
6325
861
8566
347
7482
1012
6649
1583
6966
3377
7396
3212
4384
547
4273
7615
4298
4186
1585
4733
4929
5944
7226
4441
5445
6508
4551
3089
4337
8328
8647
1503
6546
8057
3535
4371
3391
114
4758
5894
3250
6231
4070
6898
8185
6941
2503
7223
6094
339
2451
2365
7514
7984
6306
4805
2082
6353
2680
4007
5424
8409
8537
7744
5353
6922
1215
455
1907
8805
6053
2476
6972
445
5269
8852
6695
7988
1559
8059
5714
965
6111
924
3437
2041
430
7186
7631
3388
3002
605
3711
8628
2395
538
3262
6530
7319
1220
6256
2889
3969
7282
3593
7051
791
4385
3914
3266
6551
3129
2821
51
8666
7170
7790
4008
2957
1968
1278
6117
1530
4712
7534
1016
2733
1164
2284
7138
3900
5466
3527
2139
7382
1030
3285
3714
647
8475
2942
217
1792
7975
7666
6122
5617
6138
5256
8557
6616
1374
5286
2061
7160
2987
4989
8047
5104
5485
7481
5838
4828
7734
3686
775
3427
7068
1206
537
3642
3727
1222
3378
6714
1817
8147
5909
7370
7221
139
5392
6125
1197
2391
8781
3827
588
7102
5976
5883
2966
7272
6077
852
8352
6687
2581
5629
3190
226
3611
7604
1004
3197
4039
8722
6494
1704
2705
7458
2512
1432
1660
2744
7209
6647
8791
7908
1032
8095
1517
2511
2723
8785
321
1707
5840
8747
3390
1586
8939
8639
5348
6324
2247
8695
8564
2975
2450
3887
2315
3805
1036
133
4532
4033
3871
6997
8450
469
7180
6247
6708
7658
8498
8138
610
2731
5254
6255
8987
3252
7133
1199
509
8605
7512
8578
4917
3473
4128
905
2189
4489
1
5722
7770
8333
4889
829
702
8907
632
1143
5638
6848
7092
6404
4940
6986
6980
936
246
176
5569
6951
5148
7316
3564
6484
1084
1885
1887
7328
5275
7914
8629
8630
453
290
330
8685
2517
6428
479
1191
7135
4668
2362
2603
4801
2210
3629
885
4429
304
7195
8824
8956
3897
742
8454
1321
7442
2847
5650
5478
5935
3706
7848
4035
8664
8940
4775
6492
6461
4198
2203
1606
5824
3958
4422
8340
1528
7881
2228
5533
730
4754
2378
6366
2840
1302
5598
3813
5431
12
4409
5745
4996
4644
7291
5859
7623
7302
5520
1061
6611
3395
4944
4121
8572
6482
2961
3300
1226
573
248
5154
6821
7478
5172
1745
6295
377
4149
745
4378
8253
2871
1135
8950
1802
7905
1563
679
6443
8146
3083
6915
3050
3185
676
1325
4095
4655
5122
1514
7086
8552
7065
3034
5553
2398
5623
5096
7649
7385
7365
8288
7822
3237
5739
8223
238
6510
1201
8343
141
1370
2307
1995
1105
5141
1356
7965
5924
1402
7475
7736
4645
4280
4825
8145
7743
5784
4468
6150
6924
2099
3469
641
3030
1299
6990
8202
2642
6268
3314
7334
5343
1202
1398
2178
7682
6768
4862
192
591
3153
392
4062
5609
3928
680
7470
6549
8524
3349
7520
327
5390
8241
7531
5342
8494
8818
8076
2050
3207
3778
44
1145
8418
6359
7262
3599
8794
7489
7367
450
5246
3444
7041
8965
7657
7380
441
2928
6500
900
2323
4861
6595
618
1414
7994
8872
4460
38
4699
6511
7252
1303
444
5931
6516
5065
8822
2762
5225
8576
5048
116
181
8835
3742
1054
8500
5562
8162
7909
3657
863
8808
3749
4570
493
5704
8877
964
1102
4803
209
584
5262
3140
8721
6042
3570
2084
2849
6876
4434
8034
5657
4765
5639
4034
5274
8441
5885
1867
4701
3
7494
4395
4274
3729
1706
1020
5082
7866
1616
5829
7343
8397
6968
5529
1849
8917
8648
3063
7602
1529
8769
4230
7000
8112
3206
6618
8128
2204
4630
8417
5057
7710
5545
1967
6654
4078
5854
7341
7405
8038
4545
3198
3317
2796
4841
6453
2745
2410
713
4242
8915
7278
2206
1434
3653
3150
508
3738
3474
6957
4602
6154
858
7705
1696
3982
6854
8239
7791
1244
6746
3352
396
6629
3605
8668
2301
8574
5095
3495
4300
1766
6019
4673
6204
2725
4790
4604
2124
2062
2882
1605
7417
374
2229
8672
5379
1874
2855
1934
2779
3080
3952
8588
1499
3311
1644
7035
3110
7846
6131
7436
1780
589
5841
3931
5621
8401
3725
8937
1256
8612
1869
5592
7036
1837
1682
2118
3478
6563
294
7059
6368
916
5868
6585
46
3242
8054
4084
13
6397
6757
6030
2397
6927
5329
6381
270
390
8903
5313
2964
5334
8682
5349
53
1243
1746
8455
6314
7882
3386
4451
5687
6900
6199
8636
3410
7120
7371
8827
2019
7816
3818
5099
1988
1636
1778
8592
3896
5303
3585
8275
562
3978
2550
8787
3464
296
5855
3844
58
97
5585
489
4071
2702
1443
8739
4932
1875
8541
1306
4372
3993
7761
1362
6384
7775
8999
5816
1516
5309
8608
2115
2150
3155
6184
5886
7595
5075
5696
897
7569
2024
2508
6870
8367
4528
7795
6734
4394
3124
3924
3934
4203
8312
1094
2022
167
4705
8160
570
3351
6786
8374
8049
6210
7321
4694
10
6788
1737
4596
4899
6552
1822
8706
3636
4964
7677
3054
3213
3084
4543
2726
5315
4505
61
278
1037
7802
8195
6126
2269
4795
4607
4329
3438
7967
137
5584
5502
3561
1126
7927
7877
4184
8334
4808
3724
501
8232
5503
7936
1984
8812
1245
5818
6774
1248
4582
4554
2149
982
6780
3258
6327
496
3810
7938
5523
6284
4043
161
2562
6084
6064
1635
3905
4387
409
7158
3510
5970
1597
7412
6115
205
2426
8718
2911
6409
606
5473
8349
7052
1667
6218
7870
3028
7787
2935
4171
5826
5489
5339
1712
8766
3095
403
305
2286
6070
3367
5821
516
7616
2767
1987
3623
2537
7729
5737
8792
1111
3156
5691
1474
3387
5897
448
3700
6906
854
1677
2721
6079
8571
684
4802
5891
3584
3173
2043
300
8888
7284
1140
2188
2879
3379
2596
4420
4740
1027
1057
7159
3741
1515
8361
2322
8850
8955
3927
3431
3894
6822
267
8860
6509
5344
309
8767
8020
5515
2994
6824
1109
5206
8589
7177
6933
2819
2566
4587
7752
8930
5456
5881
818
6146
6050
649
8986
5985
7124
2985
1288
4079
1695
4017
8287
3355
3048
6653
2695
1412
7122
5887
8013
3598
8544
1419
561
7408
5879
8359
2120
3828
3246
5582
3589
817
3320
495
404
4319
1332
1157
7587
4446
8235
7049
1144
1853
1590
1659
2439
3415
7845
7983
7215
2110
8631
5741
4138
5634
2579
3188
8898
1080
1345
5115
8092
155
4495
7364
8485
6018
6805
3906
7283
4857
5539
4670
2952
6
4601
4561
5108
4502
4401
7858
1814
6275
1331
6049
108
6363
2458
4276
5231
2393
5023
6904
6989
2766
7357
7256
7172
5143
3116
4962
5030
105
4452
3795
962
8570
6527
6027
607
3380
3781
8675
2761
2716
317
5389
5433
227
3823
6632
3498
2295
4981
5896
601
6405
1538
5804
3565
4109
1716
2373
4346
389
8653
6090
3716
239
6408
8750
4973
531
7733
4044
7014
3721
1720
8670
4404
3879
1489
7753
8532
4458
7152
8790
8743
7789
1022
1479
1074
1368
2045
8817
1523
6496
8224
480
534
8207
4685
7332
7632
6361
3850
96
6410
3256
2270
7426
4191
5615
2896
8204
4762
6007
5702
7929
7900
2162
8697
3932
8472
3008
3392
7768
5788
4937
6890
994
7009
2431
8651
8604
6901
7020
4292
1723
5727
673
1647
7548
3513
94
2974
5828
4626
36
5693
4913
7002
6035
8724
1653
1031
785
8995
8821
6785
4288
1828
1779
1319
8894
5229
4110
4438
8385
8078
6167
4591
5471
2997
8590
4235
8644
5980
3187
8348
4496
914
1406
6469
8728
5026
5668
7350
6220
6779
2358
2342
4260
4183
7528
8730
4251
4952
1858
4829
3949
5181
235
6457
8210
7723
1117
2687
1289
3284
8522
1735
7268
3988
6057
798
5185
2804
2509
1187
3132
6100
4541
6336
8529
6345
6920
7119
4564
378
5276
8536
6873
3000
7960
4798
5852
3417
7297
7860
7220
7871
2318
6389
1591
8833
6148
6562
2346
6827
5626
1265
7452
7373
7591
4060
418
6841
6907
2344
1572
4103
2578
5652
6273
2520
4096
1097
2285
23
4169
3374
8150
5916
3393
3400
2266
6071
1668
6681
5778
5033
2666
1239
4906
5036
7374
6766
2968
8527
251
4695
3552
7769
6145
5694
5436
4005
8575
198
3481
7198
4640
1708
3038
5022
8988
4905
4755
1361
5726
2193
3204
2174
4840
4636
6432
5347
2823
1121
1371
1897
4736
6365
3851
2742
3232
2078
1385
3803
1944
2456
7390
2895
3534
3825
796
1840
4623
8379
780
1218
362
6792
8626
5102
521
1666
7363
762
5508
8325
4219
7308
4016
8144
1868
110
7995
935
2067
3783
6040
3035
5147
1734
5588
6726
695
6055
738
3577
2432
6834
6235
1048
4107
2984
6810
4852
8265
7851
708
7599
91
3399
3946
2417
5241
3488
6950
4953
7250
2862
6587
1448
6066
2989
3661
144
5454
4833
983
7593
1258
3248
3486
3079
1915
3322
8170
4328
5146
3324
1919
7676
5907
8161
5633
81
6488
4848
5984
6451
7818
5775
8113
5766
8601
3463
7842
6971
7557
5752
3029
5683
6930
3566
179
8944
5564
425
8044
5753
1726
1771
8260
5369
6787
734
4742
8042
8762
4027
6413
6370
4237
845
1471
6543
1269
693
4624
2360
7229
1838
1954
4147
2703
3759
6134
7298
215
1467
1909
3149
7714
4333
923
408
5355
82
968
8011
8854
874
3710
4375
8613
2051
7071
6302
6775
0
7025
7227
8368
8509
6278
5643
8554
5469
6885
2813
1034
7317
1535
1620
6635
6754
8908
7056
4737
7290
1505
1207
7739
5625
2034
7431
4718
758
4951
717
8306
2710
5306
3424
7920
7448
3687
7570
5393
7019
8217
8861
7622
3244
6820
728
2002
4749
92
3637
5715
19
1104
6141
1429
4692
2311
8005
4370
7885
3831
2859
2668
6859
2776
5375
8811
4315
8371
7425
2075
303
8526
8006
4351
6598
8771
7559
5773
8035
7326
5800
1749
2610
4112
6796
1541
8068
4338
2678
4092
1409
5612
1790
744
8594
7840
1808
1655
6665
2602
7351
1673
7402
2375
4565
8337
8293
7663
6697
5157
3293
3174
2155
8190
2159
828
1171
4930
2201
7096
497
5281
4360
942
3638
3573
8130
5012
8665
3011
926
4355
4459
3327
250
2548
1739
4081
7793
3520
2621
2711
5966
6828
3829
289
1217
4389
7645
3003
1458
4900
8148
2483
7435
2909
2006
5439
3107
8342
8098
3509
8853
611
1579
4134
7630
2338
3964
1960
4823
124
7499
2354
3053
8284
4729
6466
5858
5646
2211
7339
3230
2254
4954
7868
5079
2839
682
3866
6724
2899
2070
2353
727
7607
5156
974
5882
4066
598
8929
457
8694
5304
5217
3709
7139
5670
8839
6934
1744
4263
7484
8539
2758
8742
6412
5913
895
6456
1101
4990
345
8131
2644
902
7330
4794
214
4407
667
4350
7636
4907
8656
3499
4249
6059
1029
2797
5524
5577
1839
4334
5307
7503
8912
2901
2552
1130
7578
4539
8364
1386
8180
2507
3737
5435
6045
2306
4725
3101
7750
7518
7778
1118
328
2956
997
6836
2179
8621
2955
6010
1502
8117
1781
8018
8384
5986
7047
8387
3346
643
4770
7496
6862
5045
3423
4042
655
2526
1263
733
6310
2624
5535
7070
4208
6996
5601
7493
802
5345
7828
6193
2845
6740
6693
5591
4867
3680
1136
1617
3106
3270
678
8267
2827
3723
7246
3794
5541
5779
4200
6938
7749
2198
3490
2186
576
3693
7573
2277
6474
6522
6041
8893
1062
6728
8099
1912
8816
50
7094
1205
2314
7655
4087
6705
5461
3884
6555
5791
5867
2122
7540
7863
4748
7387
1195
3010
6422
515
795
8261
6853
148
8851
183
6047
2236
1277
4863
1291
4343
4155
3433
644
5888
6815
8154
3241
5707
5081
2288
5484
1608
3581
6608
8416
4253
4436
4511
6531
5918
3756
8978
7064
3402
5969
2553
2351
3736
8830
2208
7859
7808
8216
3404
4723
4966
3323
1439
3382
2133
7809
1761
1212
4730
7525
532
5688
753
1271
8976
1375
8719
2719
8238
5382
112
3895
6490
6688
2441
3383
7398
851
5538
712
1813
5132
7850
7693
4239
2694
7985
1661
5152
8542
725
1364
1740
2390
1413
5496
1254
4139
571
6937
1304
7338
3036
5234
8660
1866
8062
149
3797
3074
4432
6752
4381
2837
7125
4431
3321
4323
5653
3619
15
442
8550
4339
2287
4807
1015
4342
4584
7179
6467
4228
4629
5118
7167
603
1670
1922
6052
3057
2697
1211
5921
7952
8727
1963
6878
1072
2224
3194
3574
4322
429
2282
3470
2700
4457
8799
6586
3497
1949
3785
3247
1085
8269
850
3820
6089
1480
6343
5876
5179
8934
6221
341
5145
6394
1363
4415
1250
4161
3526
6216
6910
4665
5458
729
3492
707
157
4068
2805
8188
5890
6031
6102
5857
4240
2616
3243
3338
6481
16
8591
4483
688
6158
3172
5792
8945
7277
1028
6266
2560
4023
6570
474
7788
4524
2905
7562
881
332
1330
4732
5645
8546
8740
4914
6269
3032
7434
1710
6270
3397
7637
2502
7812
8166
5812
2867
1388
2436
6838
428
8122
4500
7980
2674
3138
7422
4113
2927
2589
3026
4282
3922
7151
525
7128
275
1380
4806
6865
6060
5974
7033
3394
5760
1196
7940
7039
7100
2671
3353
3612
3699
2712
510
5267
2608
1870
8502
5032
3121
8118
6132
3747
988
7837
2631
1805
3532
1316
7529
3967
7150
4443
6499
1468
3847
2403
7329
7255
4154
3059
5823
1069
2625
6999
1002
4052
7074
5444
2806
29
2138
7136
2665
2521
79
2917
2866
1532
1697
8870
3571
1557
7260
2419
6657
5251
6254
7196
8525
8949
3963
6830
4632
1185
3315
2163
4116
2906
1921
4259
6163
8438
363
1892
4771
4001
2444
7972
6307
613
4558
992
2594
3409
2556
1855
7129
4916
3668
3503
7485
8831
6523
3055
2740
394
4520
3165
5378
6317
6208
7082
5763
7939
203
4305
279
195
3525
567
2739
3184
5877
2907
2982
7935
5414
7962
2529
4793
3902
6750
2969
8053
4072
5224
1953
8783
1240
3491
6155
7925
8702
7238
4392
7948
8973
4935
2035
6613
7347
6648
1472
7185
7722
431
3052
2597
4010
7735
3659
7776
432
4012
3201
8464
7796
5061
6398
8707
5387
4386
8123
3770
7394
4379
1997
7585
5376
7831
5973
3748
6918
8413
1241
4465
6981
2012
4866
724
5731
1992
6554
6897
8278
989
5938
2978
6407
8748
8814
2331
8866
6382
2128
7759
1251
8079
4763
3350
3601
5908
8354
3086
4938
941
6744
7164
3835
3740
4374
8245
3775
485
949
7785
8679
8327
1486
2302
2948
7231
2769
4972
8992
8510
5837
6058
8729
1671
1446
4834
3049
7893
8793
5311
8289
2168
5758
4523
5184
287
5153
672
5762
3211
7982
5923
5014
6172
5583
5230
880
1067
5893
5787
6628
1151
5191
8971
7147
1965
1160
2471
7237
7414
8419
5093
8249
4118
5884
8507
1705
8829
1611
8773
1092
42
8302
5782
4767
5822
2154
5793
638
3739
2172
7689
5186
2946
7464
4650
8159
2237
2536
2632
8324
932
8107
3989
5266
2366
2936
2303
3773
1129
2735
7886
8880
3276
700
7299
6182
8266
4745
3733
8716
3632
951
3529
543
3549
4531
7709
5901
8037
3625
943
882
4467
3169
2749
7731
1485
7356
4447
4046
6271
1369
2783
128
4330
6882
160
5063
134
646
6039
3231
329
402
490
1182
2715
2561
5168
7724
7383
6441
4246
4354
1578
8678
5527
1270
7551
4969
5321
3022
6351
320
1077
5204
3435
6770
6721
8061
1722
4662
5981
1768
8259
2388
7801
3274
254
5934
8177
2801
8025
3313
6399
1276
583
3961
1798
5709
7443
4327
3418
8430
579
427
4773
1165
6388
4264
7506
5833
171
6729
310
2145
6503
6207
5589
2891
488
5848
4525
7686
4750
64
4217
5088
3013
703
4101
4377
1862
7336
8867
3860
807
7247
4967
1310
8096
7737
3842
4518
7342
1851
84
1854
8152
1301
5845
4573
8920
5610
4325
6641
5420
8823
2343
55
1518
8925
5743
873
8377
8386
3757
5951
4157
560
1427
8192
6832
1214
8649
1259
1433
2482
2209
5250
4314
7782
2750
2897
2498
5271
3855
7095
4719
8431
7410
1981
6424
5636
3796
5843
7031
1527
6423
2207
549
1166
7456
3238
2522
4642
1783
7955
7664
5056
8561
204
6429
8071
4469
2887
6599
5574
6717
7257
883
5813
6963
2185
8086
6914
2112
5291
4800
7027
7821
6190
4345
1951
8270
2013
1982
2176
7773
6335
1786
8447
315
5870
3496
5700
8836
6265
7542
853
3779
4306
6606
4897
7312
2924
1846
5071
7145
1627
6198
5350
5674
6191
2177
8004
14
6005
8625
2256
4672
3776
8323
2873
259
506
4826
3336
3278
7721
7757
3688
4576
7565
1087
3787
7144
5808
4923
3690
1430
4812
106
365
5532
4435
8014
8713
2369
7440
5547
3069
3398
2795
587
5137
7509
668
5927
4846
7253
6839
7576
8710
438
2663
2888
7855
5786
2046
7838
8023
7654
4931
6594
6121
4124
7694
2487
2670
5555
5522
3718
4225
2442
368
3965
2519
1103
7274
2144
636
8077
3358
3127
4210
2496
8585
1463
3236
3597
3001
5987
5259
1450
412
2898
299
3974
1236
7259
8083
3090
5979
172
7048
1893
283
5493
586
2693
3325
8031
5135
1343
62
4628
3945
1619
8470
8091
8637
8689
8064
271
8296
1721
5336
7700
2413
8382
8768
8964
2016
1113
3726
840
6470
6251
7353
7834
5453
754
1519
8019
3791
5003
735
2844
7763
8876
4992
6982
5039
6991
4000
594
3345
3046
1487
7614
7324
5427
4136
711
8252
7568
5989
8136
4820
6169
5462
7430
7212
6745
1806
2074
8938
2601
4129
298
7454
6414
6460
5730
7397
8696
3007
2341
7267
4229
349
4533
4722
152
5768
3130
5289
8847
6330
4977
6205
2434
6502
7224
6244
8236
397
200
417
3811
1539
6395
3872
3695
7438
5624
6501
7874
5684
2125
6297
8958
165
1522
2878
6264
1453
4258
1193
961
4911
3328
7678
7314
2778
7926
2005
2399
6712
3075
2370
7468
6817
5597
2815
5415
6569
1575
6556
4341
3658
626
3669
5123
5490
3445
3569
2021
7141
7060
249
331
6086
6355
4947
4308
7271
318
7915
1544
5673
5357
7236
528
1039
1864
6144
24
1692
3450
6761
4552
4324
6718
4983
5021
8856
6600
1454
792
7498
1079
4340
2492
5249
5373
8436
7055
8582
7530
2658
6823
4073
656
2401
301
1715
3812
1424
1026
3649
4768
3144
7667
6591
2831
8990
5708
7547
691
1178
1604
1354
5656
2543
6756
4003
2746
1139
4077
3471
6104
5678
772
1436
1210
7504
2500
6715
8849
5728
4562
7596
6896
4262
6166
599
4137
2467
2025
2628
6175
2063
2160
2291
4120
7746
3366
4579
8573
307
740
5467
4234
2126
1807
8244
7264
2941
3408
1137
4761
7406
4209
7754
1935
7487
5642
869
2127
2851
7155
2627
3141
1335
4382
3018
6525
1718
6133
681
6222
8795
1756
5720
6349
6601
1999
6128
7391
3635
319
6219
2092
18
5054
3942
5576
5740
6696
3839
5475
454
8009
5494
5037
616
5542
2478
1309
4600
3176
2305
3960
7037
4223
4214
6401
4778
6061
4656
7804
6694
1938
4479
7132
6160
820
4875
8659
3277
5525
269
7544
8969
2251
2717
7959
3361
2945
7375
4883
72
4216
2650
6892
5965
47
794
7437
4299
5084
3644
8026
3582
662
7772
3359
1359
1650
5899
8114
2083
6537
8029
3039
1957
6068
3072
4055
4312
6067
3261
3777
6299
6864
2931
492
3515
1631
7727
4036
6455
5925
1238
3458
4049
8477
6533
8041
6651
1068
8761
7767
6224
3263
7561
3033
6236
8534
1709
1280
6374
6421
6179
5880
8129
3833
5417
6667
2278
6763
6782
6659
2894
3457
3979
4179
335
7203
3909
1894
1096
6420
3853
3088
533
8891
1793
3396
5174
3869
6949
2495
3852
5723
8663
1115
7275
6749
2908
2704
4025
3970
5411
193
3280
7824
297
6860
4669
225
8478
4571
8227
1341
3854
7451
4845
2104
483
3559
132
103
980
1751
2350
86
7697
7190
436
6188
4279
5219
1247
7263
7217
8100
3572
3265
6217
8846
6393
1049
2261
5252
1114
6954
4811
4189
3082
499
1268
380
5810
3995
6940
6242
1777
7617
6328
5019
1645
1956
3091
1314
5124
8584
7620
6639
5761
4400
8032
4344
1876
2557
6626
4363
1752
1146
8326
3168
1566
5556
7852
3044
3664
473
4747
4202
4167
2183
7963
1071
6643
2914
6250
540
2672
6011
2651
7783
6581
5455
6339
8948
1882
334
4185
6313
5666
5163
4367
312
2446
5692
7507
3528
1800
3996
5006
1651
1640
977
7956
2161
6177
862
5308
1823
5736
8424
8709
3254
1275
8218
3452
2396
4293
3170
1827
2156
597
8488
2582
3956
7603
5381
789
2049
6894
5226
3109
6572
1099
2755
162
2636
7656
4776
1038
4693
8198
2355
5457
2447
5103
4868
1940
8294
4882
2782
1372
6113
4904
1759
887
7889
7084
4884
2167
8213
4707
2861
7163
1221
4412
2637
3771
4168
7366
4357
3886
7586
4987
6246
8440
5772
6197
2258
3684
2751
353
4887
7368
140
777
2027
8283
604
8615
5182
6277
6565
80
8255
2681
3547
4061
4896
2728
1688
2991
4015
1601
1169
2822
3999
6332
154
5235
6173
7717
2465
4348
3816
3414
1628
8916
3754
5408
2587
2967
7588
701
2009
5513
3536
1506
4974
7301
3175
3627
7856
5875
125
7567
6088
7258
4437
6135
1009
2093
1820
1925
6309
3731
8559
7029
7045
5571
8484
4540
1320
5323
7114
8712
859
4769
2239
17
6106
5476
7665
4830
6630
1257
3249
5074
8003
8997
7216
2090
3617
5604
3372
2140
2264
7805
3357
2151
4075
7115
1657
6504
1294
388
216
6491
435
835
4174
8406
5895
551
7107
5914
2763
1396
2265
3045
4277
6143
8135
4985
6087
5717
2539
3099
6850
4285
737
5590
4871
6073
2741
2832
948
5755
1770
8234
7030
7154
1991
6578
5705
7311
5518
4682
6739
7465
1733
5660
3151
6241
8778
1420
3040
5322
6758
4908
2409
6234
8452
581
2923
2892
7001
2534
190
6056
8317
2087
8764
944
121
2018
5607
8597
4063
7640
3910
2262
6889
3012
4295
3551
3903
6833
2981
7954
3108
6582
7628
2296
699
7872
2222
5015
5328
3225
2340
3604
119
1063
163
3997
3980
4976
2137
6228
6438
822
670
5010
4067
6213
6931
6288
1189
827
8141
2922
7427
7815
8233
3521
5394
5301
559
5399
8975
5091
1902
3893
3479
2405
4557
8890
8209
4697
4215
5790
6116
4854
7713
3436
6935
1043
6000
4766
27
677
3259
2234
5932
2620
7228
8380
2661
4804
5481
337
4994
4843
7511
645
4402
2785
5706
2718
5661
3516
1554
4960
4516
1093
5764
498
3287
959
4522
5500
8174
6406
7127
6741
1227
3712
544
3925
2764
6646
4941
2275
5239
705
960
669
7432
3384
3037
6385
6507
4757
6032
8627
689
6970
5008
5605
3343
3971
2903
3761
7473
4430
433
4631
7429
8514
7973
293
4083
5537
6130
1183
5468
1462
3683
1482
993
48
2972
8466
3766
8143
952
834
2485
8611
2588
2662
939
8676
8030
5178
4759
4270
6912
5543
5510
8311
1799
421
147
8394
2736
1255
6258
2488
2068
5930
2459
7716
3975
8103
8055
6178
1219
719
7633
1260
921
1614
4772
4152
1567
838
7143
1842
5198
7243
2036
3704
5253
4316
4526
1415
145
7455
6081
6080
2404
5069
6671
886
4853
8959
8985
8963
5105
4150
1253
4641
8164
4816
3047
7726
2191
5243
1928
4824
1014
2170
1573
6962
6801
4195
3543
2538
228
1323
4303
7970
2919
7300
6559
6590
2963
361
6418
25
5240
7901
7572
7199
8403
2527
1249
5889
4100
2883
2324
2181
6743
4788
7606
1098
2121
652
223
5138
5419
6187
3806
5594
1589
6078
5603
5776
2732
3624
1698
7771
2609
3542
1553
2359
3439
4510
1772
1569
6829
966
2573
7550
1050
1863
535
5997
6567
3456
800
2773
6802
7182
4463
5310
1312
2698
2232
7281
4304
2333
7090
416
6483
2227
3722
6364
5844
3369
6402
4677
8693
6305
5059
6617
8279
5183
2780
4627
201
8873
8335
2470
126
197
4051
2595
5613
3494
3681
7669
7545
6194
2164
739
2918
7011
7799
1464
903
4635
1693
5619
8173
8410
8789
5365
372
8015
45
3065
1880
3592
5550
7884
3940
2158
1816
2812
2708
3195
760
1551
3068
7296
5622
8109
1941
7718
1765
4221
7337
625
7976
6240
1676
3442
2031
313
7358
2880
1815
8921
984
2462
4058
4197
3331
7762
6769
3077
4257
2064
6312
2363
8258
7187
4654
3111
3579
8583
5430
550
1831
4679
865
5237
2339
553
8569
1679
8902
6913
5114
8282
3588
1216
8968
1656
8199
1046
8899
456
8744
8993
2014
4851
3512
899
185
8299
4818
2890
6776
3264
3870
8358
4720
1495
4064
4698
8641
3027
5257
1810
2076
247
8883
5992
7010
4799
6793
8383
518
1594
348
7685
1224
7946
7323
3554
519
5073
4158
4721
5305
1235
4056
3459
3555
381
7662
1524
6338
1023
7521
6684
7309
3858
8523
8772
6650
3178
4647
1008
4870
855
229
3466
5689
7117
1923
651
6147
352
4965
1571
3628
5290
4993
8983
2119
1990
3863
3200
1936
3876
5803
3701
781
1192
8683
2039
11
8404
4886
1041
5851
7449
7814
4559
5062
333
5805
1654
8067
4013
7156
6574
5682
8010
2648
976
2586
359
4180
1993
1233
5216
2810
410
4988
2392
323
6685
5232
2020
395
7644
314
6584
5559
5952
5519
7361
920
7441
8844
8609
5107
967
2659
1203
7605
2367
6118
5
6818
4901
5205
3428
821
5958
1483
8372
2525
2238
2213
6959
1373
4018
8432
971
1158
4663
194
5815
2775
5721
2900
3214
7911
